id
3073733885
2691810182
2691810168
2691810117
2691810121
2691810138
2691810190
2691810105
2691810094
2691810093
2691810189
2691810158
328838397
2691810095
2691810141
2691810161
2691810165
2691810157
2691810174
2691810177
2691810164
2691810112
2691810166
2691810091
2691810135
2691810090
2691810088
2691810133
2691810156
2691810188
2691810183
2691810151
2691810142
2691810104
2691810107
2691810111
2691810132
2691810155
2691810153
2691810106
2691810178
2691810101
2691810086
2691810187
2691810103
2691810082
2691810170
2691810148
2691810125
2691810134
2691810127
2691810130
2691810137
2691810179
2691810100
2691810119
2691810097
2691810146
2691810185
2691810089
2691810143
2691810124
2691810184
2691810084
2691810160
2691810116
2691810173
2691810172
2691810118
2691810085
2691810099
2691810122
2691810167
2691810191
2691810123
2691810150
2691810180
2691810113
2691810145
328838667
1040524518
1040362469
1040542421
1040278079
1040706759
1040511073
1039688912
1040439543
1039873579
1040468316
1039910353
1039599332
1040032023
1040079799
1040503109
1827162359
1040066079
1040137852
1040254485
1040623830
1040641714
1040126839
1040523277
3073733885
